
m_vertices = [
    20, 80, 55;
    78, 31, 44;
    79, 150, 114
]

m_arestas = [
    1, 2;
    1, 3;
    2, 3
]

